17
M. Fleischacker
36
191
187
252
225
170
173
W. Lippus
51
168
194
171
183
193
102

W. Lippus
51
168
194
171
183
193
102
D. Billiot
63
149
146
140
136
193
165

D. Billiot
63
149
146
140
136
193
165
J. Alsup
10
190
215
234
172
215
205

D. Billiot
63
149
146
140
136
193
165
Z. Bullock
40
136
169
183
175
237
210

T. Rauschenberg
37
170
160
177
179
197
168
R. McManus
25
182
191
184
233
194
190

T. Rauschenberg
37
170
160
177
179
197
168
M. Samuels
1
251
246
238
233
221
246

M. Fleischacker
36
191
187
252
225
170
173
T. McCall
80
124
148
124
174
132
140

Z. Bullock
40
136
169
183
175
237
210
D. Mercer
45
158
186
209
144
193
123

M. Fleischacker
36
191
187
252
225
170
173
K. Goldfarb
91
102
123
148
156
125
178

Z. Bullock
40
136
169
183
175
237
210
J. Alsup
10
190
215
234
172
215
205

M. Samuels
1
251
246
238
233
221
246
M. Fleischacker
36
191
187
252
225
170
173

W. Lippus
51
168
194
171
183
193
102
M. Samuels
1
251
246
238
233
221
246

D. Billiot
63
149
146
140
136
193
165
T. Shaw
74
186
149
128
167
138
138

D. Mercer
45
158
186
209
144
193
123
T. Rauschenberg
37
170
160
177
179
197
168

M. Samuels
1
251
246
238
233
221
246
R. McManus
25
182
191
184
233
194
190

T. Shaw
74
186
149
128
167
138
138
T. Rauschenberg
37
170
160
177
179
197
168

W. Lippus
51
168
194
171
183
193
102
Z. Bullock
40
136
169
183
175
237
210

