2
Name1.1		1		0		0		0		0		0		0	--	1
Name3.1		3		0		0		0		0		0		0	--	3
Name4		4		0		0		0		0		0		0	--	4
Name5		5		0		0		0		0		0		0	--	5
Name6		6		0		0		0		0		0		0	--	6
Name8		8		0		0		0		0		0		0	--	8


Name1		1		0		0		0		0		0		0	--	1
Name2		2		0		0		0		0		0		0	--	2
Name2.1		2		0		0		0		0		0		0	--	2
Name3		3		0		0		0		0		0		0	--	3
Name4.1		4		0		0		0		0		0		0	--	4
Name5.1		5		0		0		0		0		0		0	--	5
Name6.1		6		0		0		0		0		0		0	--	6
Name7		7		0		0		0		0		0		0	--	7
Name7.1		7		0		0		0		0		0		0	--	7
Name8.1		8		0		0		0		0		0		0	--	8




