Name7		7		0		0		0		0		0		0	--	7
Name8		8		0		0		0		0		0		0	--	8
Name4		4		0		0		0		0		0		0	--	4
Name3		3		0		0		0		0		0		0	--	3
Name6		6		0		0		0		0		0		0	--	6
Name5		5		0		0		0		0		0		0	--	5


Name7		7		0		0		0		0		0		0	--	7
Name1		1		0		0		0		0		0		0	--	1
Name2		2		0		0		0		0		0		0	--	2
Name4		4		0		0		0		0		0		0	--	4
Name8		8		0		0		0		0		0		0	--	8
Name5		5		0		0		0		0		0		0	--	5


Name2		2		0		0		0		0		0		0	--	2
Name6		6		0		0		0		0		0		0	--	6
Name3		3		0		0		0		0		0		0	--	3
Name1		1		0		0		0		0		0		0	--	1


